Jan
0721 1702
0721 1703
0722 1704
0722 1705
0722 1705
0722 1706
0722 1707
0722 1708
0722 1709
0722 1710
0721 1711
0721 1712
0721 1713
0721 1714
0720 1715
0720 1716
0720 1717
0719 1718
0719 1719
0719 1720
0718 1721
0718 1722
0717 1723
0716 1724
0716 1725
0715 1726
0715 1728
0714 1729
0713 1730
0712 1731
0712 1732
Feb
0711 1733
0710 1734
0709 1735
0708 1736
0707 1737
0706 1738
0706 1739
0705 1741
0704 1742
0703 1743
0702 1744
0700 1745
0659 1746
0658 1747
0657 1748
0656 1749
0655 1750
0654 1751
0652 1752
0651 1753
0650 1754
0649 1755
0647 1756
0646 1757
0645 1758
0644 1759
0642 1800
0641 1801
0640 1802
Mar
0638 1803
0637 1804         
0635 1805         
0634 1806
0633 1807
0631 1808
0630 1809
0628 1810
0627 1811
0626 1812
0624 1812
0623 1813
0621 1814
0620 1815
0618 1816
0617 1817
0615 1818
0614 1819
0612 1820
0611 1821
0609 1821
0608 1822
0606 1823
0605 1824
0603 1825
0602 1826
0600 1827
0559 1828
0557 1829
0556 1829
0555 1830
Apr
0553 1831
0552 1832
0550 1833
0549 1834
0547 1835
0546 1836
0544 1836
0543 1837
0542 1838
0540 1839
0539 1840
0537 1841
0536 1842
0535 1843
0533 1843
0532 1844
0530 1845
0529 1846
0528 1847
0527 1848
0525 1849
0524 1850
0523 1851
0521 1851
0520 1852
0519 1853
0518 1854
0517 1855
0515 1856
0514 1857
May
0513 1858
0512 1859
0511 1859
0510 1900         
0509 1901
0508 1902
0507 1903
0506 1904
0505 1905
0504 1906
0503 1906
0502 1907
0501 1908
0501 1909
0500 1910
0459 1911
0458 1911
0457 1912
0457 1913
0456 1914
0455 1915
0455 1915
0454 1916
0454 1917
0453 1918
0453 1918
0452 1919
0452 1920
0451 1921
0451 1921
0450 1922
Jun
0450 1923
0450 1923
0449 1924
0449 1924
0449 1925
0449 1926
0449 1926
0448 1927
0448 1927
0448 1928
0448 1928
0448 1928
0448 1929
0448 1929
0448 1930
0448 1930
0448 1930
0449 1930
0449 1931
0449 1931
0449 1931
0449 1931
0450 1931
0450 1932
0450 1932
0451 1932
0451 1932
0451 1932
0452 1932
0452 1932
Jul
0453 1932
0453 1931
0454 1931         
0454 1931
0455 1931
0455 1931
0456 1930
0456 1930
0457 1930
0458 1929
0458 1929
0459 1929
0500 1928
0500 1928
0501 1927
0502 1927
0502 1926
0503 1925
0504 1925
0504 1924
0505 1924
0506 1923
0507 1922
0508 1921
0508 1921
0509 1920
0510 1919
0511 1918
0512 1917
0512 1916
0513 1915
Aug
0514 1914
0515 1913
0516 1912
0516 1911
0517 1910
0518 1909
0519 1908
0520 1907
0521 1906
0521 1905
0522 1904
0523 1902
0524 1901
0525 1900
0526 1859
0526 1858
0527 1856
0528 1855
0529 1854
0530 1852
0531 1851
0531 1850
0532 1848
0533 1847
0534 1846
0535 1844
0535 1843
0536 1841
0537 1840
0538 1839
0539 1837
Sep
0540 1836
0540 1834
0541 1833
0542 1831
0543 1830
0544 1828
0544 1827
0545 1825
0546 1824
0547 1822
0548 1821
0548 1819
0549 1818
0550 1816
0551 1815
0552 1813
0552 1812
0553 1810
0554 1809
0555 1807
0556 1806
0557 1804
0557 1803
0558 1801
0559 1800
0600 1758
0601 1757
0601 1755
0602 1754
0603 1752
Oct
0604 1751
0605 1749
0606 1748         
0607 1746
0607 1745
0608 1743
0609 1742
0610 1740
0611 1739
0612 1738
0613 1736
0614 1735
0615 1733
0615 1732
0616 1731
0617 1729
0618 1728
0619 1727
0620 1725
0621 1724
0622 1723
0623 1722
0624 1720
0625 1719
0626 1718
0627 1717
0628 1716
0629 1714
0630 1713
0631 1712
0632 1711
Nov
0633 1710
0634 1709
0635 1708
0636 1707
0637 1706
0638 1705
0639 1704
0640 1703
0641 1703
0642 1702
0643 1701
0644 1700
0645 1700
0646 1659
0647 1658
0648 1657
0649 1657
0650 1656
0651 1656
0652 1655
0653 1655
0654 1654
0656 1654
0657 1653
0657 1653
0658 1653
0659 1652
0700 1652
0701 1652
0702 1652
Dec
0703 1652
0704 1651          
0705 1651
0706 1651
0707 1651
0708 1651
0708 1651
0709 1651
0710 1651
0711 1652
0712 1652
0712 1652
0713 1652
0714 1653
0714 1653
0715 1653
0716 1654
0716 1654
0717 1654
0717 1655
0718 1655
0718 1656
0719 1656
0719 1657
0720 1658
0720 1658
0720 1659
0721 1700
0721 1700
0721 1701
0721 1702
